P	C	A	G	I	L	V	M	F	W	P	C	S	T	Y	N	Q	H	K	R	D	E	
1	S	1	0	-2	-2	-2	-1	-2	-3	-1	-1	4	1	-2	1	0	-1	0	-1	0	0	
2	T	0	-2	-1	-1	0	-1	-2	-2	-1	-1	1	5	-2	0	-1	-2	-1	-1	-1	-1	
3	K	-1	-2	-3	-2	-2	-1	-3	-3	-1	-3	0	-1	-2	0	1	-1	4	2	-1	1	
4	E	-1	-2	-3	-3	-2	-2	-3	-3	-1	-4	0	-1	-2	0	2	0	1	0	2	5	
5	K	-1	-2	-3	-2	-2	-1	-3	-3	-1	-3	0	-1	-2	0	1	-1	4	2	-1	1	
6	P	-1	-2	-3	-3	-2	-2	-4	-4	7	-3	-1	-1	-3	-2	-1	-2	-1	-2	-1	-1	
7	K	-1	-2	-3	-2	-2	-1	-3	-3	-1	-3	0	-1	-2	0	1	-1	4	2	-1	1	
8	P	-1	-2	-3	-3	-2	-2	-4	-4	7	-3	-1	-1	-3	-2	-1	-2	-1	-2	-1	-1	
9	T	1	-1	-1	-2	-1	-1	-2	-3	-1	-1	3	3	-2	0	0	-1	0	-1	-1	0	
10	P	-1	-2	-3	-3	-2	-2	-4	-4	7	-3	-1	-1	-3	-2	-1	-2	-1	-2	-1	-1	
11	D	-2	-1	-3	-4	-3	-3	-3	-4	-1	-3	0	-1	-3	1	0	-1	-1	-2	6	2	
12	Y	-2	-3	-1	-1	-1	-1	3	2	-3	-2	-2	-2	7	-2	-1	2	-2	-2	-3	-2	
13	L	-1	-4	2	4	1	2	0	-2	-3	-1	-2	-1	-1	-3	-2	-3	-2	-2	-4	-3	
14	X	-1	-1	-1	-1	-1	-1	-1	-1	-1	-1	-1	-1	-1	-1	-1	-1	-1	-1	-1	-1	
15	Q	-1	-2	-3	-2	-2	0	-3	-2	-1	-3	0	-1	-1	0	5	0	1	1	0	2	
16	L	-1	-4	2	4	1	2	0	-2	-3	-1	-2	-1	-1	-3	-2	-3	-2	-2	-4	-3	
17	X	-1	-1	-1	-1	-1	-1	-1	-1	-1	-1	-1	-1	-1	-1	-1	-1	-1	-1	-1	-1	
18	N	-2	0	-3	-3	-3	-2	-3	-4	-2	-3	1	0	-2	6	0	1	0	0	1	0	
19	D	-2	-1	-3	-4	-3	-3	-3	-4	-1	-3	0	-1	-3	1	0	-1	-1	-2	6	2	
20	K	-1	-2	-3	-2	-2	-1	-3	-3	-1	-3	0	-1	-2	0	1	-1	4	2	-1	1	
21	K	-1	-2	-3	-2	-2	-1	-3	-3	-1	-3	0	-1	-2	0	1	-1	4	2	-1	1	
22	L	-1	-4	2	4	1	2	0	-2	-3	-1	-2	-1	-1	-3	-2	-3	-2	-2	-4	-3	
23	X	-1	-1	-1	-1	-1	-1	-1	-1	-1	-1	-1	-1	-1	-1	-1	-1	-1	-1	-1	-1	
24	S	1	0	-2	-2	-2	-1	-2	-3	-1	-1	4	1	-2	1	0	-1	0	-1	0	0	
25	S	1	0	-2	-2	-2	-1	-2	-3	-1	-1	4	1	-2	1	0	-1	0	-1	0	0	
26	L	-1	-4	2	4	1	2	0	-2	-3	-1	-2	-1	-1	-3	-2	-3	-2	-2	-4	-3	
27	P	-1	-2	-3	-3	-2	-2	-4	-4	7	-3	-1	-1	-3	-2	-1	-2	-1	-2	-1	-1	
28	N	-2	0	-3	-3	-3	-2	-3	-4	-2	-3	1	0	-2	6	0	1	0	0	1	0	
29	F	-2	-3	0	0	-1	0	6	1	-4	-2	-2	-2	3	-3	-3	-1	-3	-3	-3	-3	
30	C	0	-2	-1	-1	-1	-1	-2	-2	-3	9	-1	-1	-2	-3	-3	-3	-3	-3	-3	-4	
31	G	0	6	-4	-4	-3	-3	-3	-2	-2	-2	0	-2	-3	0	-2	-2	-2	-2	-1	-2	
32	I	-1	-4	4	2	3	1	0	-3	-3	-1	-2	-1	-1	-3	-3	-3	-3	-3	-3	-3	
33	F	-2	-3	0	0	-1	0	6	1	-4	-2	-2	-2	3	-3	-3	-1	-3	-3	-3	-3	
34	N	-2	0	-3	-3	-3	-2	-3	-4	-2	-3	1	0	-2	6	0	1	0	0	1	0	
35	H	-2	-2	-3	-3	-3	-2	-1	-2	-2	-3	-1	-2	2	1	0	8	-1	0	-1	0	
36	L	-1	-4	2	4	1	2	0	-2	-3	-1	-2	-1	-1	-3	-2	-3	-2	-2	-4	-3	
37	E	-1	-2	-3	-3	-2	-2	-3	-3	-1	-4	0	-1	-2	0	2	0	1	0	2	5	
38	R	-1	-2	-3	-2	-2	-1	-3	-3	-2	-3	-1	-1	-2	0	1	0	2	5	-2	0	
39	L	-1	-4	2	4	1	2	0	-2	-3	-1	-2	-1	-1	-3	-2	-3	-2	-2	-4	-3	
40	L	-1	-4	2	4	1	2	0	-2	-3	-1	-2	-1	-1	-3	-2	-3	-2	-2	-4	-3	
41	D	-2	-1	-3	-4	-3	-3	-3	-4	-1	-3	0	-1	-3	1	0	-1	-1	-2	6	2	
42	E	-1	-2	-3	-3	-2	-2	-3	-3	-1	-4	0	-1	-2	0	2	0	1	0	2	5	
43	E	-1	-2	-3	-3	-2	-2	-3	-3	-1	-4	0	-1	-2	0	2	0	1	0	2	5	
44	I	-1	-4	4	2	3	1	0	-3	-3	-1	-2	-1	-1	-3	-3	-3	-3	-3	-3	-3	
45	S	1	0	-2	-2	-2	-1	-2	-3	-1	-1	4	1	-2	1	0	-1	0	-1	0	0	
46	R	-1	-2	-3	-2	-2	-1	-3	-3	-2	-3	-1	-1	-2	0	1	0	2	5	-2	0	
47	V	0	-3	3	1	4	1	-1	-3	-2	-1	-2	0	-1	-3	-2	-3	-2	-2	-3	-2	
48	R	-1	-2	-3	-2	-2	-1	-3	-3	-2	-3	-1	-1	-2	0	1	0	2	5	-2	0	
49	K	-1	-2	-3	-2	-2	-1	-3	-3	-1	-3	0	-1	-2	0	1	-1	4	2	-1	1	
50	D	-2	-1	-3	-4	-3	-3	-3	-4	-1	-3	0	-1	-3	1	0	-1	-1	-2	6	2	
51	X	-1	-1	-1	-1	-1	-1	-1	-1	-1	-1	-1	-1	-1	-1	-1	-1	-1	-1	-1	-1	
52	Y	-2	-3	-1	-1	-1	-1	3	2	-3	-2	-2	-2	7	-2	-1	2	-2	-2	-3	-2	
53	N	-2	0	-3	-3	-3	-2	-3	-4	-2	-3	1	0	-2	6	0	1	0	0	1	0	
54	D	-2	-1	-3	-4	-3	-3	-3	-4	-1	-3	0	-1	-3	1	0	-1	-1	-2	6	2	
55	T	0	-2	-1	-1	0	-1	-2	-2	-1	-1	1	5	-2	0	-1	-2	-1	-1	-1	-1	
56	L	-1	-4	2	4	1	2	0	-2	-3	-1	-2	-1	-1	-3	-2	-3	-2	-2	-4	-3	
57	N	-2	0	-3	-3	-3	-2	-3	-4	-2	-3	1	0	-2	6	0	1	0	0	1	0	
58	G	0	6	-4	-4	-3	-3	-3	-2	-2	-2	0	-2	-3	0	-2	-2	-2	-2	-1	-2	
59	S	1	0	-2	-2	-2	-1	-2	-3	-1	-1	4	1	-2	1	0	-1	0	-1	0	0	
60	T	0	-2	-1	-1	0	-1	-2	-2	-1	-1	1	5	-2	0	-1	-2	-1	-1	-1	-1	
61	E	-1	-2	-3	-3	-2	-2	-3	-3	-1	-4	0	-1	-2	0	2	0	1	0	2	5	
62	K	-1	-2	-3	-2	-2	-1	-3	-3	-1	-3	0	-1	-2	0	1	-1	4	2	-1	1	
63	R	-1	-2	-3	-2	-2	-1	-3	-3	-2	-3	-1	-1	-2	0	1	0	2	5	-2	0	
64	S	1	0	-2	-2	-2	-1	-2	-3	-1	-1	4	1	-2	1	0	-1	0	-1	0	0	
65	A	4	0	-1	-1	0	-1	-2	-3	-1	0	1	0	-2	-2	-1	-2	-1	-1	-2	-1	
66	E	-1	-2	-3	-3	-2	-2	-3	-3	-1	-4	0	-1	-2	0	2	0	1	0	2	5	
67	L	-1	-4	2	4	1	2	0	-2	-3	-1	-2	-1	-1	-3	-2	-3	-2	-2	-4	-3	
68	P	-1	-2	-3	-3	-2	-2	-4	-4	7	-3	-1	-1	-3	-2	-1	-2	-1	-2	-1	-1	
69	D	-2	-1	-3	-4	-3	-3	-3	-4	-1	-3	0	-1	-3	1	0	-1	-1	-2	6	2	
70	A	4	0	-1	-1	0	-1	-2	-3	-1	0	1	0	-2	-2	-1	-2	-1	-1	-2	-1	
71	V	0	-3	3	1	4	1	-1	-3	-2	-1	-2	0	-1	-3	-2	-3	-2	-2	-3	-2	
72	G	0	6	-4	-4	-3	-3	-3	-2	-2	-2	0	-2	-3	0	-2	-2	-2	-2	-1	-2	
73	P	-1	-2	-3	-3	-2	-2	-4	-4	7	-3	-1	-1	-3	-2	-1	-2	-1	-2	-1	-1	
74	I	-1	-4	4	2	3	1	0	-3	-3	-1	-2	-1	-1	-3	-3	-3	-3	-3	-3	-3	
75	V	0	-3	3	1	4	1	-1	-3	-2	-1	-2	0	-1	-3	-2	-3	-2	-2	-3	-2	
76	Q	-1	-2	-3	-2	-2	0	-3	-2	-1	-3	0	-1	-1	0	5	0	1	1	0	2	
77	L	-1	-4	2	4	1	2	0	-2	-3	-1	-2	-1	-1	-3	-2	-3	-2	-2	-4	-3	
78	Q	-1	-2	-3	-2	-2	0	-3	-2	-1	-3	0	-1	-1	0	5	0	1	1	0	2	
79	E	-1	-2	-3	-3	-2	-2	-3	-3	-1	-4	0	-1	-2	0	2	0	1	0	2	5	
80	K	-1	-2	-3	-2	-2	-1	-3	-3	-1	-3	0	-1	-2	0	1	-1	4	2	-1	1	
81	L	-1	-4	2	4	1	2	0	-2	-3	-1	-2	-1	-1	-3	-2	-3	-2	-2	-4	-3	
82	Y	-2	-3	-1	-1	-1	-1	3	2	-3	-2	-2	-2	7	-2	-1	2	-2	-2	-3	-2	
83	V	0	-3	3	1	4	1	-1	-3	-2	-1	-2	0	-1	-3	-2	-3	-2	-2	-3	-2	
84	P	-1	-2	-3	-3	-2	-2	-4	-4	7	-3	-1	-1	-3	-2	-1	-2	-1	-2	-1	-1	
85	V	0	-3	3	1	4	1	-1	-3	-2	-1	-2	0	-1	-3	-2	-3	-2	-2	-3	-2	
86	K	-1	-2	-3	-2	-2	-1	-3	-3	-1	-3	0	-1	-2	0	1	-1	4	2	-1	1	
87	E	-1	-2	-3	-3	-2	-2	-3	-3	-1	-4	0	-1	-2	0	2	0	1	0	2	5	
88	Y	-2	-3	-1	-1	-1	-1	3	2	-3	-2	-2	-2	7	-2	-1	2	-2	-2	-3	-2	
89	P	-1	-2	-3	-3	-2	-2	-4	-4	7	-3	-1	-1	-3	-2	-1	-2	-1	-2	-1	-1	
90	D	-2	-1	-3	-4	-3	-3	-3	-4	-1	-3	0	-1	-3	1	0	-1	-1	-2	6	2	
91	F	-2	-3	0	0	-1	0	6	1	-4	-2	-2	-2	3	-3	-3	-1	-3	-3	-3	-3	
92	N	-2	0	-3	-3	-3	-2	-3	-4	-2	-3	1	0	-2	6	0	1	0	0	1	0	
93	F	-2	-3	0	0	-1	0	6	1	-4	-2	-2	-2	3	-3	-3	-1	-3	-3	-3	-3	
94	V	0	-3	3	1	4	1	-1	-3	-2	-1	-2	0	-1	-3	-2	-3	-2	-2	-3	-2	
95	G	0	6	-4	-4	-3	-3	-3	-2	-2	-2	0	-2	-3	0	-2	-2	-2	-2	-1	-2	
96	R	-1	-2	-3	-2	-2	-1	-3	-3	-2	-3	-1	-1	-2	0	1	0	2	5	-2	0	
97	I	-1	-4	4	2	3	1	0	-3	-3	-1	-2	-1	-1	-3	-3	-3	-3	-3	-3	-3	
98	L	-1	-4	2	4	1	2	0	-2	-3	-1	-2	-1	-1	-3	-2	-3	-2	-2	-4	-3	
99	G	0	6	-4	-4	-3	-3	-3	-2	-2	-2	0	-2	-3	0	-2	-2	-2	-2	-1	-2	
100	P	-1	-2	-3	-3	-2	-2	-4	-4	7	-3	-1	-1	-3	-2	-1	-2	-1	-2	-1	-1	
101	R	-1	-2	-3	-2	-2	-1	-3	-3	-2	-3	-1	-1	-2	0	1	0	2	5	-2	0	
102	G	0	6	-4	-4	-3	-3	-3	-2	-2	-2	0	-2	-3	0	-2	-2	-2	-2	-1	-2	
103	L	-1	-4	2	4	1	2	0	-2	-3	-1	-2	-1	-1	-3	-2	-3	-2	-2	-4	-3	
104	T	0	-2	-1	-1	0	-1	-2	-2	-1	-1	1	5	-2	0	-1	-2	-1	-1	-1	-1	
105	A	4	0	-1	-1	0	-1	-2	-3	-1	0	1	0	-2	-2	-1	-2	-1	-1	-2	-1	
106	K	-1	-2	-3	-2	-2	-1	-3	-3	-1	-3	0	-1	-2	0	1	-1	4	2	-1	1	
107	Q	-1	-2	-3	-2	-2	0	-3	-2	-1	-3	0	-1	-1	0	5	0	1	1	0	2	
108	L	-1	-4	2	4	1	2	0	-2	-3	-1	-2	-1	-1	-3	-2	-3	-2	-2	-4	-3	
109	E	-1	-2	-3	-3	-2	-2	-3	-3	-1	-4	0	-1	-2	0	2	0	1	0	2	5	
110	A	4	0	-1	-1	0	-1	-2	-3	-1	0	1	0	-2	-2	-1	-2	-1	-1	-2	-1	
111	E	-1	-2	-3	-3	-2	-2	-3	-3	-1	-4	0	-1	-2	0	2	0	1	0	2	5	
112	T	0	-2	-1	-1	0	-1	-2	-2	-1	-1	1	5	-2	0	-1	-2	-1	-1	-1	-1	
113	G	0	6	-4	-4	-3	-3	-3	-2	-2	-2	0	-2	-3	0	-2	-2	-2	-2	-1	-2	
114	C	0	-2	-1	-1	-1	-1	-2	-2	-3	9	-1	-1	-2	-3	-3	-3	-3	-3	-3	-4	
115	K	-1	-2	-3	-2	-2	-1	-3	-3	-1	-3	0	-1	-2	0	1	-1	4	2	-1	1	
116	I	-1	-4	4	2	3	1	0	-3	-3	-1	-2	-1	-1	-3	-3	-3	-3	-3	-3	-3	
117	X	-1	-1	-1	-1	-1	-1	-1	-1	-1	-1	-1	-1	-1	-1	-1	-1	-1	-1	-1	-1	
118	V	0	-3	3	1	4	1	-1	-3	-2	-1	-2	0	-1	-3	-2	-3	-2	-2	-3	-2	
119	R	-1	-2	-3	-2	-2	-1	-3	-3	-2	-3	-1	-1	-2	0	1	0	2	5	-2	0	
120	G	0	6	-4	-4	-3	-3	-3	-2	-2	-2	0	-2	-3	0	-2	-2	-2	-2	-1	-2	
121	K	-1	-2	-3	-2	-2	-1	-3	-3	-1	-3	0	-1	-2	0	1	-1	4	2	-1	1	
122	G	0	6	-4	-4	-3	-3	-3	-2	-2	-2	0	-2	-3	0	-2	-2	-2	-2	-1	-2	
123	S	1	0	-2	-2	-2	-1	-2	-3	-1	-1	4	1	-2	1	0	-1	0	-1	0	0	
124	X	-1	-1	-1	-1	-1	-1	-1	-1	-1	-1	-1	-1	-1	-1	-1	-1	-1	-1	-1	-1	
125	R	-1	-2	-3	-2	-2	-1	-3	-3	-2	-3	-1	-1	-2	0	1	0	2	5	-2	0	
126	D	-2	-1	-3	-4	-3	-3	-3	-4	-1	-3	0	-1	-3	1	0	-1	-1	-2	6	2	
127	K	-1	-2	-3	-2	-2	-1	-3	-3	-1	-3	0	-1	-2	0	1	-1	4	2	-1	1	
128	K	-1	-2	-3	-2	-2	-1	-3	-3	-1	-3	0	-1	-2	0	1	-1	4	2	-1	1	
129	K	-1	-2	-3	-2	-2	-1	-3	-3	-1	-3	0	-1	-2	0	1	-1	4	2	-1	1	
130	E	-1	-2	-3	-3	-2	-2	-3	-3	-1	-4	0	-1	-2	0	2	0	1	0	2	5	
131	E	-1	-2	-3	-3	-2	-2	-3	-3	-1	-4	0	-1	-2	0	2	0	1	0	2	5	
132	Q	-1	-2	-3	-2	-2	0	-3	-2	-1	-3	0	-1	-1	0	5	0	1	1	0	2	
133	N	-2	0	-3	-3	-3	-2	-3	-4	-2	-3	1	0	-2	6	0	1	0	0	1	0	
134	R	-1	-2	-3	-2	-2	-1	-3	-3	-2	-3	-1	-1	-2	0	1	0	2	5	-2	0	
135	G	0	6	-4	-4	-3	-3	-3	-2	-2	-2	0	-2	-3	0	-2	-2	-2	-2	-1	-2	
136	K	-1	-2	-3	-2	-2	-1	-3	-3	-1	-3	0	-1	-2	0	1	-1	4	2	-1	1	
137	P	-1	-2	-3	-3	-2	-2	-4	-4	7	-3	-1	-1	-3	-2	-1	-2	-1	-2	-1	-1	
138	N	-2	0	-3	-3	-3	-2	-3	-4	-2	-3	1	0	-2	6	0	1	0	0	1	0	
139	W	-3	-2	-3	-2	-3	-1	1	10	-4	-2	-3	-2	2	-4	-2	-2	-3	-3	-4	-3	
140	E	-1	-2	-3	-3	-2	-2	-3	-3	-1	-4	0	-1	-2	0	2	0	1	0	2	5	
141	H	-2	-2	-3	-3	-3	-2	-1	-2	-2	-3	-1	-2	2	1	0	8	-1	0	-1	0	
142	L	-1	-4	2	4	1	2	0	-2	-3	-1	-2	-1	-1	-3	-2	-3	-2	-2	-4	-3	
143	N	-2	0	-3	-3	-3	-2	-3	-4	-2	-3	1	0	-2	6	0	1	0	0	1	0	
144	E	-1	-2	-3	-3	-2	-2	-3	-3	-1	-4	0	-1	-2	0	2	0	1	0	2	5	
145	D	-2	-1	-3	-4	-3	-3	-3	-4	-1	-3	0	-1	-3	1	0	-1	-1	-2	6	2	
146	L	-1	-4	2	4	1	2	0	-2	-3	-1	-2	-1	-1	-3	-2	-3	-2	-2	-4	-3	
147	H	-2	-2	-3	-3	-3	-2	-1	-2	-2	-3	-1	-2	2	1	0	8	-1	0	-1	0	
148	V	0	-3	3	1	4	1	-1	-3	-2	-1	-2	0	-1	-3	-2	-3	-2	-2	-3	-2	
149	L	-1	-4	2	4	1	2	0	-2	-3	-1	-2	-1	-1	-3	-2	-3	-2	-2	-4	-3	
150	I	-1	-4	4	2	3	1	0	-3	-3	-1	-2	-1	-1	-3	-3	-3	-3	-3	-3	-3	
151	T	0	-2	-1	-1	0	-1	-2	-2	-1	-1	1	5	-2	0	-1	-2	-1	-1	-1	-1	
152	V	0	-3	3	1	4	1	-1	-3	-2	-1	-2	0	-1	-3	-2	-3	-2	-2	-3	-2	
153	E	-1	-2	-3	-3	-2	-2	-3	-3	-1	-4	0	-1	-2	0	2	0	1	0	2	5	
154	D	-2	-1	-3	-4	-3	-3	-3	-4	-1	-3	0	-1	-3	1	0	-1	-1	-2	6	2	
155	A	4	0	-1	-1	0	-1	-2	-3	-1	0	1	0	-2	-2	-1	-2	-1	-1	-2	-1	
156	Q	-1	-2	-3	-2	-2	0	-3	-2	-1	-3	0	-1	-1	0	5	0	1	1	0	2	
157	N	-2	0	-3	-3	-3	-2	-3	-4	-2	-3	1	0	-2	6	0	1	0	0	1	0	
158	R	-1	-2	-3	-2	-2	-1	-3	-3	-2	-3	-1	-1	-2	0	1	0	2	5	-2	0	
159	A	4	0	-1	-1	0	-1	-2	-3	-1	0	1	0	-2	-2	-1	-2	-1	-1	-2	-1	
160	E	-1	-2	-3	-3	-2	-2	-3	-3	-1	-4	0	-1	-2	0	2	0	1	0	2	5	
161	I	-1	-4	4	2	3	1	0	-3	-3	-1	-2	-1	-1	-3	-3	-3	-3	-3	-3	-3	
162	K	-1	-2	-3	-2	-2	-1	-3	-3	-1	-3	0	-1	-2	0	1	-1	4	2	-1	1	
163	L	-1	-4	2	4	1	2	0	-2	-3	-1	-2	-1	-1	-3	-2	-3	-2	-2	-4	-3	
164	K	-1	-2	-3	-2	-2	-1	-3	-3	-1	-3	0	-1	-2	0	1	-1	4	2	-1	1	
165	R	-1	-2	-3	-2	-2	-1	-3	-3	-2	-3	-1	-1	-2	0	1	0	2	5	-2	0	
166	A	4	0	-1	-1	0	-1	-2	-3	-1	0	1	0	-2	-2	-1	-2	-1	-1	-2	-1	
167	V	0	-3	3	1	4	1	-1	-3	-2	-1	-2	0	-1	-3	-2	-3	-2	-2	-3	-2	
168	E	-1	-2	-3	-3	-2	-2	-3	-3	-1	-4	0	-1	-2	0	2	0	1	0	2	5	
169	E	-1	-2	-3	-3	-2	-2	-3	-3	-1	-4	0	-1	-2	0	2	0	1	0	2	5	
170	V	0	-3	3	1	4	1	-1	-3	-2	-1	-2	0	-1	-3	-2	-3	-2	-2	-3	-2	
171	K	-1	-2	-3	-2	-2	-1	-3	-3	-1	-3	0	-1	-2	0	1	-1	4	2	-1	1	
172	K	-1	-2	-3	-2	-2	-1	-3	-3	-1	-3	0	-1	-2	0	1	-1	4	2	-1	1	
173	L	-1	-4	2	4	1	2	0	-2	-3	-1	-2	-1	-1	-3	-2	-3	-2	-2	-4	-3	
174	L	-1	-4	2	4	1	2	0	-2	-3	-1	-2	-1	-1	-3	-2	-3	-2	-2	-4	-3	
175	V	0	-3	3	1	4	1	-1	-3	-2	-1	-2	0	-1	-3	-2	-3	-2	-2	-3	-2	
176	P	-1	-2	-3	-3	-2	-2	-4	-4	7	-3	-1	-1	-3	-2	-1	-2	-1	-2	-1	-1	
177	A	4	0	-1	-1	0	-1	-2	-3	-1	0	1	0	-2	-2	-1	-2	-1	-1	-2	-1	
178	A	4	0	-1	-1	0	-1	-2	-3	-1	0	1	0	-2	-2	-1	-2	-1	-1	-2	-1	
179	E	-1	-2	-3	-3	-2	-2	-3	-3	-1	-4	0	-1	-2	0	2	0	1	0	2	5	
180	G	0	6	-4	-4	-3	-3	-3	-2	-2	-2	0	-2	-3	0	-2	-2	-2	-2	-1	-2	
181	E	-1	-2	-3	-3	-2	-2	-3	-3	-1	-4	0	-1	-2	0	2	0	1	0	2	5	
182	D	-2	-1	-3	-4	-3	-3	-3	-4	-1	-3	0	-1	-3	1	0	-1	-1	-2	6	2	
183	S	1	0	-2	-2	-2	-1	-2	-3	-1	-1	4	1	-2	1	0	-1	0	-1	0	0	
184	L	-1	-4	2	4	1	2	0	-2	-3	-1	-2	-1	-1	-3	-2	-3	-2	-2	-4	-3	
185	K	-1	-2	-3	-2	-2	-1	-3	-3	-1	-3	0	-1	-2	0	1	-1	4	2	-1	1	
186	K	-1	-2	-3	-2	-2	-1	-3	-3	-1	-3	0	-1	-2	0	1	-1	4	2	-1	1	
187	X	-1	-1	-1	-1	-1	-1	-1	-1	-1	-1	-1	-1	-1	-1	-1	-1	-1	-1	-1	-1	
188	Q	-1	-2	-3	-2	-2	0	-3	-2	-1	-3	0	-1	-1	0	5	0	1	1	0	2	
189	L	-1	-4	2	4	1	2	0	-2	-3	-1	-2	-1	-1	-3	-2	-3	-2	-2	-4	-3	
190	X	-1	-1	-1	-1	-1	-1	-1	-1	-1	-1	-1	-1	-1	-1	-1	-1	-1	-1	-1	-1	
191	E	-1	-2	-3	-3	-2	-2	-3	-3	-1	-4	0	-1	-2	0	2	0	1	0	2	5	
192	L	-1	-4	2	4	1	2	0	-2	-3	-1	-2	-1	-1	-3	-2	-3	-2	-2	-4	-3	
193	A	4	0	-1	-1	0	-1	-2	-3	-1	0	1	0	-2	-2	-1	-2	-1	-1	-2	-1	
194	I	-1	-4	4	2	3	1	0	-3	-3	-1	-2	-1	-1	-3	-3	-3	-3	-3	-3	-3	
195	L	-1	-4	2	4	1	2	0	-2	-3	-1	-2	-1	-1	-3	-2	-3	-2	-2	-4	-3	
196	N	-2	0	-3	-3	-3	-2	-3	-4	-2	-3	1	0	-2	6	0	1	0	0	1	0	
197	G	0	6	-4	-4	-3	-3	-3	-2	-2	-2	0	-2	-3	0	-2	-2	-2	-2	-1	-2	
198	T	0	-2	-1	-1	0	-1	-2	-2	-1	-1	1	5	-2	0	-1	-2	-1	-1	-1	-1	
199	Y	-2	-3	-1	-1	-1	-1	3	2	-3	-2	-2	-2	7	-2	-1	2	-2	-2	-3	-2	
200	R	-1	-2	-3	-2	-2	-1	-3	-3	-2	-3	-1	-1	-2	0	1	0	2	5	-2	0	
201	D	-2	-1	-3	-4	-3	-3	-3	-4	-1	-3	0	-1	-3	1	0	-1	-1	-2	6	2	
202	A	4	0	-1	-1	0	-1	-2	-3	-1	0	1	0	-2	-2	-1	-2	-1	-1	-2	-1	
203	N	-2	0	-3	-3	-3	-2	-3	-4	-2	-3	1	0	-2	6	0	1	0	0	1	0	
204	I	-1	-4	4	2	3	1	0	-3	-3	-1	-2	-1	-1	-3	-3	-3	-3	-3	-3	-3	
205	K	-1	-2	-3	-2	-2	-1	-3	-3	-1	-3	0	-1	-2	0	1	-1	4	2	-1	1	
206	S	1	0	-2	-2	-2	-1	-2	-3	-1	-1	4	1	-2	1	0	-1	0	-1	0	0	
207	P	-1	-2	-3	-3	-2	-2	-4	-4	7	-3	-1	-1	-3	-2	-1	-2	-1	-2	-1	-1	
208	A	4	0	-1	-1	0	-1	-2	-3	-1	0	1	0	-2	-2	-1	-2	-1	-1	-2	-1	
209	L	-1	-4	2	4	1	2	0	-2	-3	-1	-2	-1	-1	-3	-2	-3	-2	-2	-4	-3	
