pdb_id: 4JVH
analysis type: bound
radii_file: D:\PSAIA\amac_data\chothia.radii
ASA_zSice: 0.25
ASA_rSolvent: 1.4
CX_sRadius: 10
CX_vAtom: 20.1

  chain id|    res id|  res name|    average DPX|      s_avg DPX|   s-ch avg DPX| s-ch s_avg DPX|        max DPX|        min DPX|     average CX|       s_avg CX|    s-ch avg CX|  s-ch s_avg CX|         max CX|         min CX|               
         A         12        LYS         0.13624         0.38533               0               0          1.2261               0          3.3217          2.1835          4.7433          1.9763          8.0608          1.0633               
         A         13        PRO         0.40904         0.64859               0               0          1.5232               0         0.98948         0.16402          1.0503         0.20639          1.3155         0.81215               
         A         14        THR          0.1752         0.42914               0               0          1.2264               0          1.3975         0.26473          1.6839        0.043372          1.7421          1.0431               
         A         15        PRO               0               0               0               0               0               0          1.6346         0.44176          2.0843         0.24916          2.4164          1.0233               
         A         16        ASP         0.31963         0.55418               0               0          1.3284               0            2.02         0.59818          2.5136         0.45663           3.253          1.3155               
         A         17        TYR          0.5558         0.82292         0.34519         0.59789           2.392               0         0.95553         0.29894         0.87809         0.26609          1.5108          0.5669               
         A         18        LEU         0.68173         0.91653         0.38189         0.66146          2.4087               0         0.50552         0.16493         0.39873        0.099831         0.86069         0.26302               
         A         20        GLN               0               0               0               0               0               0          1.5795         0.37736          1.8834         0.19478          2.2061           1.084               
         A         21        LEU          0.6986         0.70406         0.37929         0.65695          1.5172               0         0.62294         0.13718         0.51131         0.10003         0.81215         0.37104               
         A         23        ASN         0.18119         0.47939               0               0          1.4495               0          1.4502         0.30359          1.3549         0.12629          2.1104           1.084               
         A         24        ASP         0.15343         0.40593               0               0          1.2274               0          1.4473         0.18179          1.4709         0.25251          1.8162           1.105               
         A         25        LYS         0.16149         0.45676               0               0          1.4534               0           1.018          0.2164         0.85298        0.099801          1.3954         0.69429               
         A         26        LYS         0.14765         0.41762               0               0          1.3288               0          2.0428         0.54549          1.7058          0.1917           3.168          1.4517               
         A         27        LEU         0.35566         0.61783          0.3793         0.65697          1.5172               0          3.1277         0.37545          3.0596         0.22823          3.9618          2.7214               
         A         29        SER               0               0               0               0               0               0          2.9467         0.89469          2.3087         0.05252          4.6324          2.2061               
         A         39        ASN               0               0               0               0               0               0          3.2484         0.55865          3.7149         0.16009          3.9618          2.2562               
         A         40        HIS         0.66561          1.0626               0               0          2.7949               0          2.4453         0.45544          2.7519         0.17532          3.0076          1.5414               
         A         41        LEU         0.18132         0.47972               0               0          1.4505               0          1.9624         0.76394          2.5628         0.56601           3.168          0.9119               
         A         42        GLU         0.39637         0.77276               0               0          2.2449               0           1.251          0.3234          1.4446         0.29505          1.9771         0.84423               
         A         43        ARG         0.35411         0.77387               0               0          2.3838               0          1.5289         0.39227          1.7885         0.23531          2.1575          1.0233               
         A         44        LEU         0.67788         0.91272         0.37709         0.65314          2.4063               0           1.265         0.32646          1.5511         0.15477          1.7065         0.79653               
         A         45        LEU         0.67752         0.91126         0.37632          0.6518           2.397               0         0.56846        0.098876         0.50323         0.04424         0.76608         0.46759               
         A         46        ASP         0.33777         0.58739         0.31156         0.53965          1.4559               0         0.90205         0.16594          1.0363         0.12659          1.1937         0.68063               
         A         47        GLU         0.14707         0.41597               0               0          1.3236               0          1.0719         0.21235          1.2443        0.091073          1.4232         0.75124               
         A         48        GLU          0.9407          1.1593               0               0          3.1318               0         0.79282          0.2356         0.94177         0.20242          1.1937         0.52115               
         A         49        ILE           1.297          1.1034         0.37948         0.65727          2.8846               0         0.42388        0.043656         0.41924        0.046659         0.46759          0.3445               
         A         50        SER               0               0               0               0               0               0         0.53651        0.058786         0.58022        0.047885         0.62811         0.42738               
         A         51        ARG         0.47379         0.80981               0               0           2.376               0         0.87934         0.18134         0.98844          0.1341          1.1484         0.64093               
         A         52        VAL          1.4357           1.012          1.3375          1.0253          2.4911               0         0.45369        0.032559         0.45067        0.012636         0.52115         0.40809               
         A         53        ARG         0.24467         0.52136               0               0          1.4612               0         0.37167        0.073969         0.32627        0.042154         0.51013         0.27072               
         A         54        LYS         0.13711          0.3878               0               0           1.234               0         0.95469         0.35934          1.1495          0.3654          1.7421         0.54369               
         A         55        ASP          0.1819         0.48126               0               0          1.4552               0         0.99632         0.11809          1.0373        0.091895          1.1708         0.84423               
         A         57        TYR          0.1022         0.33896               0               0          1.2264               0         0.93871         0.27165         0.79452         0.10188           1.605         0.62811               
         A         58        ASN         0.18345         0.48536               0               0          1.4676               0          1.7914         0.50086          1.4419         0.10586          2.8592          1.3155               
         A         59        ASP         0.16677         0.44122               0               0          1.3341               0          2.6167         0.54502          2.2248         0.24154          3.6311          1.8548               
         A         60        THR         0.19032         0.46619               0               0          1.3323               0          2.5982         0.49943          2.1158         0.12772          3.5304          1.9352               
         A         69        SER               0               0               0               0               0               0          5.4538         0.70854          4.8067          0.3226          6.7184          4.4841               
         A         70        ALA               0               0               0               0               0               0          3.2837         0.43797          3.3416               0          3.8465          2.5322               
         A         71        GLU         0.16115         0.45579               0               0          1.4503               0          2.4038         0.47515          2.4921         0.41959          3.0862          1.8162               
         A         72        LEU           1.008         0.85692         0.99662          1.0539          2.4778               0          1.0435         0.37337         0.70032         0.12494           1.605         0.51013               
         A         73        PRO               0               0               0               0               0               0          1.1204          0.1944         0.98192          0.1832          1.3415         0.84423               
         A         74        ASP         0.15373         0.40673               0               0          1.2298               0          2.4874         0.81302          3.2486          0.3968          3.7363          1.6718               
         A         75        ALA         0.29206         0.58412               0               0          1.4603               0          1.4437          0.1884          1.1708               0          1.6718          1.1708               
         A         76        VAL         0.36434         0.57673               0               0          1.3267               0          1.7068         0.39299          2.1229         0.19412          2.3079          1.2408               
         A         77        GLY               0               0               0               0               0               0          1.7975         0.16314               0               0          2.0203          1.5728               
         A         78        PRO         0.17412         0.42649               0               0          1.2188               0          2.2584         0.53234          2.7359         0.22788           2.932          1.3682               
         A         79        ILE               0               0               0               0               0               0          1.6338         0.33855           1.754         0.39455          2.3079          1.2408               
         A         80        VAL         0.57745         0.67059         0.49656         0.70224          1.4897               0         0.91108        0.086898         0.92415        0.030443          1.0233         0.72229               
         A         81        GLN         0.29628         0.55719               0               0          1.4537               0          1.2847         0.29527          1.5347         0.11809          1.6718         0.89452               
         A         82        LEU          1.0024         0.81665          0.7517         0.75174          2.2308               0         0.45202        0.084514         0.42802          0.1105         0.61548         0.33588               
         A         83        GLN         0.16172          0.4574               0               0          1.4554               0          1.0071         0.33639          1.2386         0.28208          1.7786         0.66718               
         A         84        GLU         0.67899         0.80671         0.24617         0.49234          2.2338               0         0.55871         0.13805         0.61102         0.15097         0.89452         0.35323               
         A         85        LYS         0.46117         0.65581         0.29808         0.59616          1.4904               0         0.74502         0.14739         0.78521          0.1738           1.084          0.5669               
         A         86        LEU          1.0036         0.81762         0.75522         0.75522          2.2325               0         0.39021        0.099042         0.41733         0.11727         0.60306         0.27072               
         A         87        TYR         0.12156         0.40316               0               0          1.4587               0         0.79144         0.29864         0.95415         0.23157          1.2901         0.40809               
         A         88        VAL         0.97927         0.91573          1.3354          1.0259          2.4943               0         0.25897          0.1073         0.15412        0.027052         0.43722         0.12647               
         A         89        PRO         0.74627         0.90992               0               0          2.3643               0         0.55063         0.18795         0.48153         0.19278         0.82805         0.27072               
         A         90        VAL         0.56354         0.92402               0               0          2.4301               0         0.75289          0.2621         0.55665        0.047458          1.2408         0.49926               
         A         91        LYS               0               0               0               0               0               0          2.0546         0.51157          2.2662         0.47491           2.932           1.217               
         A         92        GLU           0.136         0.38467               0               0           1.224               0          2.0586         0.58339          2.3595         0.63596          3.5304          1.5728               
         A         93        TYR         0.33752         0.58653         0.17099          0.4524          1.4566               0           1.193         0.37944          1.2623         0.44206          2.2061         0.82805               
         A         94        PRO         0.19075         0.46724               0               0          1.3353               0          1.5366         0.23924          1.7964         0.12215          1.9352          1.3155               
         A         95        ASP               0               0               0               0               0               0          2.5455          1.1617          3.5419         0.83259          4.4841          1.3954               
         A         96        PHE         0.24923         0.52871         0.39165         0.61926          1.3765               0         0.45699         0.22007         0.33674        0.088754          1.0431         0.23312               
         A         97        ASN         0.15286         0.40442               0               0          1.2229               0         0.36388         0.09746         0.40764        0.052021           0.478         0.18408               
         A         98        PHE          1.5553          1.0904          1.4513          1.0334          3.1012               0         0.22503        0.080047         0.25747        0.081518         0.37104         0.13878               
         A         99        VAL          1.8376          1.2664         0.50064         0.70801          3.2437               0         0.11327        0.024549         0.13681        0.010591         0.15137         0.07978               
         A        100        GLY          3.3928         0.30576               0               0          3.6802          2.9536        0.062502        0.045833               0               0         0.12647        0.016573               
         A        101        ARG          1.3441          1.1448         0.72419         0.88223          3.2944               0         0.17228         0.10039         0.22346        0.092501         0.38932        0.074214               
         A        102        ILE           1.208          1.0817         0.75054         0.75055          3.0643               0        0.013774        0.012948        0.015032        0.013883        0.036804               0               
         A        103        LEU          1.8908          1.1903         0.99781           1.056          3.2083               0        0.030004        0.028034        0.036167        0.034874        0.085404               0               
         A        104        GLY          3.5942         0.17669               0               0          3.8926          3.4599        0.017501        0.026558               0               0        0.063253               0               
         A        105        PRO          2.9871         0.92724          3.7927         0.25005          4.0342            1.33          0.1485        0.054173         0.14452        0.041889         0.22587         0.07978               
         A        106        ARG         0.11152         0.35267               0               0          1.2268               0         0.93206         0.60418          1.2743         0.49861          1.8944         0.25541               
         A        107        GLY           2.806         0.35436               0               0          3.1701          2.2427         0.12531        0.019921               0               0         0.13878        0.091087               
         A        108        LEU          1.3308          1.1583         0.99714          1.0545          3.0491               0         0.33975         0.11179         0.43957        0.058893         0.53233         0.17739               
         A        109        THR         0.73942         0.88666         0.47646         0.67382          2.2399               0         0.16459        0.020443         0.14736        0.015674         0.19769         0.12647               
         A        110        ALA         0.50896         0.62418               0               0          1.3235               0         0.11356        0.053516        0.016573               0         0.16423        0.016573               
         A        111        LYS         0.14717         0.41627               0               0          1.3246               0         0.42995         0.12035         0.46723         0.10798         0.62811         0.23312               
         A        112        GLN         0.43322         0.83615               0               0          2.3857               0         0.37352         0.12176         0.27855        0.045202         0.59082          0.2187               
         A        113        LEU         0.85838         0.90107         0.37779         0.65435          2.3865               0         0.31803         0.13016         0.20057        0.072199         0.48855         0.07978               
         A        114        GLU         0.59653         0.87761         0.29735          0.5947           2.382               0         0.52023          0.2023         0.40518         0.13156         0.87746         0.22587               
         A        115        ALA               0               0               0               0               0               0          1.0994         0.12228          1.0431               0          1.2901         0.92961               
         A        116        GLU         0.14687          0.4154               0               0          1.3218               0         0.78938         0.13314         0.76908          0.1651          1.0038         0.59082               
         A        117        THR         0.74406         0.91092          1.2947         0.98339          2.3818               0          0.4026         0.13547         0.30009         0.02035         0.68063         0.27851               
         A        118        GLY               0               0               0               0               0               0         0.44303         0.03444               0               0           0.478         0.38932               
         A        119        CYS          1.7692          1.2646          3.2785         0.82034          4.0988               0         0.22417          0.1163        0.074671        0.022158         0.38012        0.052513               
         A        120        LYS         0.13612         0.38502               0               0          1.2251               0          0.3961         0.14807         0.51165        0.075204         0.62811         0.15776               
         A        121        ILE          1.3251          1.1135          1.7126          1.1108          2.9019               0        0.097986        0.060069        0.042702        0.027237         0.18408       0.0067513               
         A        123        VAL          0.3818         0.60651               0               0          1.4457               0        0.099163        0.040714        0.087883        0.052377         0.15776        0.031671               
         A        124        ARG          1.1743          1.3794         0.21345         0.52286          3.7261               0          0.1661        0.047102         0.17591        0.052297         0.25541         0.10263               
         A        125        GLY          3.5524         0.21115               0               0          3.7309           3.207          0.2971        0.059798               0               0         0.38932         0.22587               
         A        126        LYS         0.57347         0.86187               0               0          2.4141               0         0.83378         0.44917          1.1347         0.39881          1.7786         0.43722               
         A        127        GLY         0.36135         0.62588               0               0          1.4454               0         0.47144        0.043242               0               0         0.53233         0.41767               
         A        128        SER         0.45623         0.64567         0.70556         0.70556          1.4111               0         0.24721        0.061885         0.19911        0.041349         0.32737         0.15776               
         A        130        ARG               0               0               0               0               0               0         0.95418          0.1846         0.90671        0.095735          1.2901         0.70818               
         A        131        ASP         0.15338         0.40581               0               0           1.227               0          1.5469         0.41103           1.829         0.35778          2.4164          0.9119               
         A        132        LYS          0.2962         0.55672               0               0          1.4465               0          1.4648         0.24994          1.5973         0.21348          1.8162          1.0233               
         A        133        LYS         0.16105         0.45551               0               0          1.4494               0          1.9892         0.46576          2.3596         0.25711          2.7214          1.3415               
         A        134        LYS         0.14762         0.41752               0               0          1.3285               0          1.6868         0.74486          2.1531         0.68315          3.0076         0.86069               
         A        135        GLU               0               0               0               0               0               0          0.4331          0.1369         0.34508        0.075851         0.73665         0.26302               
         A        136        GLU          0.2843         0.53238               0               0          1.3288               0          1.5673         0.48122           1.889         0.34305          2.3079         0.76608               
         A        137        GLN         0.16107         0.45558               0               0          1.4496               0          1.5867         0.49501          1.9384         0.39429          2.5931          1.0431               
         A        138        ASN          1.0241          1.1191               0               0          2.8433               0         0.72891         0.10736         0.70885         0.14056         0.92961         0.54369               
         A        139        ARG         0.35966         0.78807               0               0          2.4411               0          1.0341         0.30382          1.1469         0.31032          1.6379         0.66718               
         A        140        GLY               0               0               0               0               0               0          1.2887         0.26215               0               0          1.6718         0.94764               
         A        141        LYS         0.43258         0.83425               0               0          2.3763               0          1.4277         0.26118          1.5581         0.27233          1.9352          1.1265               
         A        142        PRO         0.38433         0.61099               0               0           1.464               0           1.688         0.48858          2.1819         0.16579          2.4164         0.96601               
         A        143        ASN          0.1824          0.4826               0               0          1.4592               0           1.041         0.37554          1.3019          0.2835          1.6718         0.45733               
         A        144        TRP         0.91222          1.1176         0.38628         0.81505           2.756               0         0.43996         0.14281         0.38854          0.1281         0.69429         0.18408               
         A        145        GLU          0.1602          0.4531               0               0          1.4418               0          1.0609         0.35314            1.34         0.20977           1.605         0.60306               
         A        146        HIS         0.65449         0.84655         0.44441         0.62858          2.3713               0         0.26598         0.11987          0.1875        0.053952         0.53233         0.13878               
         A        147        LEU         0.67705         0.91222         0.37499          0.6495          2.4084               0         0.28581         0.12086         0.19833        0.068018         0.48855        0.085404               
         A        148        ASN         0.16551         0.43789               0               0           1.324               0         0.93065         0.20329         0.97805        0.074746          1.2652         0.51013               
         A        149        GLU         0.54266         0.80678               0               0          2.2376               0         0.72451        0.082325         0.72982        0.056329         0.89452         0.61548               
         A        150        ASP         0.44426         0.80233               0               0          2.2315               0         0.79853         0.32598          1.0705         0.20669          1.2652         0.38932               
         A        151        LEU         0.33361         0.58054               0               0          1.4466               0         0.24371        0.054553         0.20712        0.030687         0.35323         0.17739               
         A        152        HIS          1.4081          1.0974          1.3746          1.1827          3.3624               0         0.24776        0.084661          0.3021        0.054823         0.37104         0.10263               
         A        153        VAL          2.2157          1.1014          1.3208          1.0146          3.5372               0         0.11248         0.06889        0.042187        0.030158          0.2187               0               
         A        154        LEU         0.68164         0.91877         0.37662         0.65232          2.4276               0         0.26858        0.090995         0.34829         0.04629         0.39864         0.13878               
         A        155        ILE           3.316         0.97531          3.9518         0.54399          4.5625           1.324         0.17069        0.083764         0.11041        0.021901          0.3445        0.074214               
         A        156        THR         0.74456         0.92755               0               0          2.4692               0          0.4674         0.17556         0.65404        0.085242         0.75124         0.24046               
         A        157        VAL           1.279         0.89648           1.316          1.0087          2.4506               0         0.31019         0.15983         0.14615        0.035286         0.55521        0.096829               
         A        158        GLU         0.29777         0.55968               0               0          1.4543               0         0.97904          0.2933           1.217         0.14778          1.4809         0.54369               
         A        159        ASP         0.81387          0.8528         0.37563         0.65062          2.2417               0         0.44328        0.071827         0.38094        0.033785         0.54369          0.3445               
         A        160        ALA          1.0011         0.87621               0               0          2.2404               0         0.51257         0.13003         0.70818               0         0.70818         0.32737               
         A        161        GLN         0.55769         0.82249               0               0          2.2399               0         0.90747         0.45805           1.259         0.30526          1.8162         0.33588               
         A        162        ASN         0.59698         0.81951         0.88788         0.94493          2.2331               0         0.75077         0.17179         0.88481         0.14496          1.0431         0.57877               
         A        163        ARG          1.4591          1.4365         0.56717         0.93381          3.6839               0         0.62714         0.31973         0.79673         0.27564          1.2901         0.22587               
         A        164        ALA          3.4723         0.57755          3.7945               0          4.2004          2.7336         0.19434        0.030441          0.2187               0         0.24046         0.15776               
         A        165        GLU         0.56795         0.85341               0               0          2.3913               0         0.95874         0.55714          1.3671         0.42693          1.7786         0.38932               
         A        166        ILE         0.34072         0.59425         0.37557          0.6505          1.5023               0         0.55618         0.13375         0.65791          0.1095         0.78118         0.36208               
         A        167        LYS            1.55          1.2203         0.60381         0.73952           3.286               0         0.30635         0.18026         0.39403         0.20112         0.73665         0.15776               
         A        168        LEU          2.3423          1.0867          1.6056          1.0068          3.7861               0         0.21697        0.058674         0.24237        0.068577         0.33588         0.16423               
         A        169        LYS         0.16186         0.45782               0               0          1.4568               0         0.83932         0.24332          1.0165         0.13074          1.1708         0.39864               
         A        170        ARG         0.23117         0.49085               0               0           1.321               0         0.66354         0.24871         0.75704         0.26948          1.2652         0.43722               
         A        171        ALA          3.1443         0.60283          4.0013               0          4.0013          2.2382         0.16624        0.048176        0.091087               0         0.23312        0.091087               
         A        172        VAL          1.3476          1.2473               0               0          3.1473               0         0.41539         0.14262         0.48844         0.14588         0.68063         0.19769               
         A        173        GLU          0.4368         0.84444               0               0          2.4171               0          1.3744         0.53749          1.7426          0.4288          2.3613         0.66718               
         A        174        GLU          0.4502         0.64073               0               0          1.5156               0         0.60804         0.13093         0.63515         0.15434         0.86069         0.41767               
         A        175        VAL           3.254         0.86856          4.2346         0.13004          4.4184          2.2237         0.25931         0.10689         0.14409        0.035988         0.38012        0.096829               
         A        176        LYS         0.16058         0.45418               0               0          1.4452               0           0.874         0.28112          1.0633         0.23209          1.4809         0.48855               
         A        177        LYS         0.13624         0.38534               0               0          1.2261               0          1.0646         0.39284          1.3119         0.36621          1.9771         0.65395               
         A        178        LEU           1.708          1.4876         0.38228         0.66212          4.0402               0         0.26369          0.0997         0.19362        0.036108           0.478         0.15776               
         A        179        LEU          1.1528          0.9858          1.0023          1.0599          2.4919               0         0.32786         0.10258         0.25885        0.065184         0.49926         0.16423               
         A        180        VAL         0.38443         0.61086               0               0           1.459               0         0.86614         0.28053          1.1753         0.10064          1.3155         0.52115               
         A        181        PRO         0.42591         0.67356               0               0          1.5151               0         0.67677         0.10167         0.64765         0.06373         0.89452         0.57877               
         A        182        ALA         0.26539         0.53078               0               0           1.327               0         0.77868         0.10579         0.79653               0          0.9119         0.59082               
         A        183        ALA          0.7182         0.92692               0               0          2.2577               0          1.7061         0.35398          2.3613               0          2.3613          1.3682               
         A        184        GLU               0               0               0               0               0               0          1.8384         0.38597           1.786         0.24225          2.7214          1.3954               
         A        185        GLY               0               0               0               0               0               0          2.1912         0.32734               0               0          2.6561          1.7421               
         A        186        GLU         0.14712         0.41613               0               0          1.3241               0          2.6408          0.9375          3.3113         0.73295          4.4841          1.5728               
         A        187        ASP         0.47503         0.61381         0.31165          0.5398          1.3258               0         0.75995         0.33367         0.46489         0.15096          1.3155         0.27072               
         A        188        SER               0               0               0               0               0               0           1.201         0.18694          1.4415        0.099944          1.5414         0.98474               
         A        189        LEU         0.34308         0.59852         0.37884         0.65616          1.5153               0         0.51203          0.1859         0.36343        0.089667         0.84423         0.24789               
         A        190        LYS         0.99359          1.1502               0               0          2.7497               0         0.34329        0.078504         0.29836        0.055398         0.48855          0.2187               
         A        191        LYS         0.16151         0.45681               0               0          1.4536               0          1.1864         0.52417          1.5689         0.40064          2.2562         0.59082               
         A        193        GLN          1.3068         0.99264          1.5705         0.88068          2.4213               0         0.16354        0.073344         0.12057        0.039264         0.33588         0.07978               
         A        194        LEU         0.83355         0.90005          0.9972          1.0542           2.478               0         0.30771        0.052871         0.35556        0.012987         0.37104          0.2187               
         A        196        GLU         0.43379         0.83721               0               0          2.3885               0         0.40586        0.035781         0.39578         0.03447         0.44721         0.32737               
         A        197        LEU          1.3766          1.1656         0.37963         0.65754          3.0525               0         0.33879         0.10946         0.27759        0.035998          0.5669          0.2187               
         A        198        ALA          1.8329          1.0058               0               0          2.7712               0         0.78831         0.20956         0.76608               0           1.084         0.46759               
         A        199        ILE         0.33572         0.58394               0               0            1.45               0         0.74434         0.21415         0.56721        0.022264          1.1937         0.54369               
         A        200        LEU         0.37163         0.64386         0.37929         0.65695          1.5172               0         0.92681         0.28209         0.69117        0.081279          1.4232         0.61548               
         A        201        ASN         0.16622         0.43978               0               0          1.3298               0          1.1723          0.4473         0.82038         0.15508          2.0203         0.70818               
         A        202        GLY         0.33245         0.57582               0               0          1.3298               0          1.8751         0.34839               0               0          2.4164          1.5108               
         A        203        THR         0.19018         0.46583               0               0          1.3312               0          1.6799         0.25014          1.5011         0.15841          2.1575          1.2901               
         A        204        TYR          0.3539         0.61442         0.36469         0.63265          1.5297               0           2.178         0.77766          2.4452         0.82183          3.8465          1.3415               
         D          4          A          0.1292         0.40856          0.1496         0.43615          1.4227               0          1.0744         0.27668          1.0376          0.2645           1.605         0.46759               
         D          5          C         0.28471         0.56991         0.33496         0.60439          1.5057               0          1.0042         0.32294         0.93627         0.28746          1.7065         0.51013               
         D          6          U          1.0512          1.0066          1.1498          1.0206          3.6468               0         0.27451         0.30589         0.16344         0.14981          1.1484               0               
         D          7          A         0.86899           1.134          1.0062          1.1623          3.2312               0         0.35979         0.10531         0.35267         0.10151          0.5669         0.19769               
         D          8          A         0.82167         0.87826         0.95141         0.87732          2.4203               0          0.2964         0.25371          0.2195         0.17474         0.82805        0.011638               
         D          9          C         0.89682         0.97078          1.0551         0.97043          2.7098               0         0.53229          0.1935         0.47672         0.15004         0.92961         0.27072               
         D         10          A         0.53755         0.73234         0.62243         0.75377          2.2393               0         0.86417         0.25417           0.807         0.21081          1.5108         0.49926               
         D         11          A        0.065142         0.29132        0.075999         0.31335           1.368               0          1.7898         0.34782          1.7451         0.32707          2.5322          1.2652               
