  Position   Residue              HSE-up            HSE-down                  CN
         1         S                   0        12.612021344        12.612021344
         2         T        1.5614625188        3.2107242272         4.772186746
         3         K        4.1615213244         5.929325024       10.0908463484
         4         E         5.138148132        5.7724750464       10.9106231784
         5         K         5.843645938        7.5830252576       13.4266711956
         6         P        5.6743195352         8.502083232       14.1764027672
         7         K        4.3284833172       11.7674231776       16.0959064948
         8         P        8.4142587092        12.626831232       21.0410899412
         9         T      11.37156984632         13.01208984      24.38365968632
        10         P      17.16331963218       12.6937791072      29.85709873938
        11         D        6.9710172268      19.18670836672      26.15772559352
        12         Y        8.5385423992      15.77412215392      24.31266455312
        13         L     18.044394658759      13.30105574336     31.345450402119
        14         X        23.590144232      17.50341503104      41.09355926304
        15         Q      11.47019467808     20.660441266912     32.130635944992
        16         L       14.4116750368      17.30158329792      31.71325833472
        17         X      25.58032459392       11.7661327168      37.34645731072
        18         N      16.06569416624       18.3556370288      34.42133119504
        19         D      15.45775594336       15.1144138976      30.57216984096
        20         K       13.1828944372      17.89450159744      31.07739603464
        21         K      12.65028687876       16.4006519376      29.05093881636
        22         L        7.1913708748      21.40930820736      28.60067908216
        23         X      10.82791286152      16.31136414144      27.13927700296
        24         S      12.20351948288      14.30975538304      26.51327486592
        25         S      10.92166064116     20.204340537952     31.126001179112
        26         L      11.57196871668      19.63919837024      31.21116708692
        27         P      15.25338008856      19.04506530816      34.29844539672
        28         N       8.76577353064       19.8248515648      28.59062509544
        29         F      14.30745540232      14.99745953056      29.30491493288
        30         C      20.41620229236       14.7289610976      35.14516338996
        31         G       9.76981251184      25.27693031744      35.04674282928
        32         I      11.56096133468      19.78867183648      31.34963317116
        33         F     18.868607186004       17.7993205504     36.667927736404
        34         N      23.48327561556     19.899306543648     43.382582159208
        35         H      10.56811420628      22.61541603296      33.18353023924
        36         L      22.15544702504       16.5680447088      38.72349173384
        37         E       25.9418079552      17.06101004096      43.00281799616
        38         R     17.443924130928      22.10860898816     39.552533119088
        39         L      12.66143116244      18.74191657376       31.4033477362
        40         L      26.66388631508       12.7527475232      39.41663383828
        41         D      19.33917654956       16.0326504032      35.37182695276
        42         E      10.22586431372      16.48925896256      26.71512327628
        43         E       9.23259196608      18.11798178144      27.35057374752
        44         I      14.26586557088      17.36230068768      31.62816625856
        45         S      16.67411884892       19.5846606096      36.25877945852
        46         R      16.09654583068      17.31852746592       33.4150732966
        47         V      13.41849632916       18.0803482512      31.49884458036
        48         R      19.94465410052       11.5653696992      31.51002379972
        49         K          3.45405146        18.566891544        22.020943004
        50         D        6.9263734204      16.41352444896      23.33989786936
        51         X       8.86031350468       14.0296720416      22.88998554628
        52         Y      10.20743549352      13.52658901312      23.73402450664
        53         N      12.08498247968       15.2070464128      27.29202889248
        54         D        8.3460784888      16.99618728576      25.34226577456
        55         T        5.0991030612      15.05641255776      20.15551561896
        56         L      13.65802529544       12.4155935712      26.07361886664
        57         N     17.650808320408      14.27666455328     31.927472873688
        58         G          8.98541308      17.49583187008      26.48124495008
        59         S        8.6239551888      15.29696456352      23.92091975232
        60         T      16.51075768868       11.3728799936      27.88363768228
        61         E      12.35538586492       12.2033556384      24.55874150332
        62         K        7.9181174696      13.47703546496      21.39515293456
        63         R      11.02156543808       10.6609494048      21.68251484288
        64         S      16.59455724836        9.4611997184      26.05575696676
        65         A       10.0569290452        12.238410592       22.2953396372
        66         E      13.87950327892       10.7225837472      24.60208702612
        67         L      10.79171894144      13.79946460704      24.59118354848
        68         P       16.3134060512       12.7061355808        29.019541632
        69         D      12.99782209384      15.67794208064      28.67576417448
        70         A         8.702353406      17.35923963552      26.06159304152
        71         V     18.352701801076      15.30159908384     33.654300884916
        72         G       9.36257711476       18.6616693312      28.02424644596
        73         P      10.49800959024      14.37731983616       24.8753294264
        74         I        7.3092655076      15.71696353408      23.02622904168
        75         V        12.628563897       13.0096943168       25.6382582138
        76         Q      15.66601083516        9.3569845664      25.02299540156
        77         L        5.4505386632      22.75190933952      28.20244800272
        78         Q      10.84211158836         18.76016388      29.60227546836
        79         E      11.74960286028      20.67030036544      32.41990322572
        80         K      14.22492803568      19.19371356832        33.418641604
        81         L      16.96627106056      17.98482564608      34.95109670664
        82         Y      20.81987356376      18.57452277664       39.3943963404
        83         V       14.3975503792       22.0018369504       36.3993873296
        84         P      22.60469353992      15.81980878976      38.42450232968
        85         V        21.805606955      16.24368478528      38.04929174028
        86         K     18.838474611216      16.67410966784     35.512584279056
        87         E       9.58556644784      14.37154463936       23.9571110872
        88         Y        5.7061103152       13.9311078768        19.637218192
        89         P      15.88479545132       11.1343455328      27.01914098412
        90         D      12.48131012772      16.99411566016      29.47542578788
        91         F      10.15149149284       21.5635280192      31.71501951204
        92         N     18.909796434888      18.42367956064     37.333475995528
        93         F      16.60751636888        22.620812592      39.22832896088
        94         V      21.15058513552      17.03557653152      38.18616166704
        95         G      16.71377623168     20.330493516224     37.044269747904
        96         R        9.4264579482       21.5830641008        31.009522049
        97         I      15.82779238224      15.83903174592      31.66682412816
        98         L      19.67552759032      19.48982339232      39.16535098264
        99         G      16.81602708516     21.002926045792     37.818953130952
       100         P      16.38523954256      18.17485431616      34.56009385872
       101         R      15.79966461176      17.97503741664       33.7747020284
       102         G       21.5475931718      15.00847937696      36.55607254876
       103         L      15.14245695376      19.78369656416      34.92615351792
       104         T      12.53493635112      18.77779841888         31.31273477
       105         A    17.9940167223084      13.23883669984    31.2328534221484
       106         K      21.99309961144      15.43642475744      37.42952436888
       107         Q      13.76623361936      17.80868265664        31.574916276
       108         L      15.07560202028      14.11207181088      29.18767383116
       109         E       21.8369665228       10.0537960256       31.8907625484
       110         A      10.35934888284      14.99955453248      25.35890341532
       111         E        6.2606314128      17.16935158976      23.42998300256
       112         T      10.28015163552       16.9984181488      27.27856978432
       113         G       19.9244739314       11.9530099072       31.8774838386
       114         C        9.8942721514      18.57222874624      28.46650089764
       115         K      22.55380104268       11.4752550848      34.02905612748
       116         I       8.97675447012      23.42577661088        32.402531081
       117         X       22.4107877608       13.0374344608       35.4482222216
       118         V      12.80922439176      19.89022773056      32.69945212232
       119         R      13.82590233832       16.0034761696      29.82937850792
       120         G       11.4739560096      18.63827117376      30.11222718336
       121         K      19.48804673252      14.20752641216      33.69557314468
       122         G      13.36383716292     21.108839557056     34.472676719976
       123         S      11.54888973408      17.37682243872       28.9257121728
       124         X      17.04094830508       12.1770627744      29.21801107948
       125         R      16.61291246752      14.93228019488       31.5451926624
       126         D        12.711971386      14.00832403872      26.72029542472
       127         K      16.48328998656        8.4943404672      24.97763045376
       128         K      10.30323633016       11.5672735136      21.87050984376
       129         K        6.2761981264       11.2445315392       17.5207296656
       130         E        8.9484543084        8.6574749376        17.605929246
       131         E        7.8184957464        12.491439104       20.3099348504
       132         Q        11.407245469      16.01036654144      27.41761201044
       133         N      10.39976137856      17.35125929696      27.75102067552
       134         R     17.296526539972       11.5613832672     28.857909807172
       135         G       8.93364392508      18.95488232352       27.8885262486
       136         K      12.58386184652      14.10724397792      26.69110582444
       137         P        3.4211772652      19.79316023648      23.21433750168
       138         N       11.5556054076      14.21560274752      25.77120815512
       139         W         3.702169368      16.63584395104      20.33801331904
       140         E      13.34666162048       10.4609646208      23.80762624128
       141         H       9.62841957652       13.1426630752      22.77108265172
       142         L        8.6621340896       18.0808410592       26.7429751488
       143         N       14.9359925524      15.14563579424      30.08162834664
       144         E        6.5882843276     21.097232400768     27.685516728368
       145         D      13.10685463704      19.85233794016       32.9591925772
       146         L       16.9747469788      22.15095229728      39.12569927608
       147         H      20.52399541652      24.66124853856      45.18524395508
       148         V      21.43212222312       23.1735548384      44.60567706152
       149         L      24.40091830624      22.23410692384      46.63502523008
       150         I        19.670870124      23.49566968256      43.16653980656
       151         T       25.9952094426       16.8192470832       42.8144565258
       152         V     17.816691711504      19.49148670176     37.308178413264
       153         E      21.91439575328       17.1542374432      39.06863319648
       154         D      10.78263352044      19.15730872384      29.93994224428
       155         A       15.1141314156       12.3835921952       27.4977236108
       156         Q        12.863066549      14.13594203808      26.99900858708
       157         N        8.2126414888      15.47637877216      23.68902026096
       158         R       14.0759484812       12.0335226432       26.1094711244
       159         A       9.76922407808     19.881989505024     29.651213583104
       160         E      19.63021528796      14.92229154464       34.5525068326
       161         I      12.40334855384     21.173062603392     33.576411157232
       162         K       12.2112286768      18.20833374976      30.41956242656
       163         L        9.7755389724      18.40799654144      28.18353551384
       164         K      18.18838472626        14.486368024      32.67475275026
       165         R         6.503349102      20.97194238976      27.47529149176
       166         A      12.21653263368     20.369043859872     32.585576493552
       167         V      24.70312895212       15.8054988912      40.50862784332
       168         E      12.30210049112      25.68385071328       37.9859512044
       169         E        8.1718050848      21.77476765856      29.94657274336
       170         V        22.885983137       13.1519146752       36.0378978122
       171         K      27.24119770316        18.388421768      45.62961947116
       172         K        7.0048446768      24.40502948864      31.40987416544
       173         L       9.88877370424        15.699283928      25.58805763224
       174         L        25.899875495        9.7450278144       35.6449033094
       175         V      21.14031095472      17.58994119712      38.73025215184
       176         P      14.04501553724      16.65346324768      30.69847878492
       177         A        8.3624289692      17.82870788224      26.19113685144
       178         A     17.145473337056        9.7623057728     26.907779109856
       179         E      10.43193130692      14.24801251296      24.67994381988
       180         G      10.56562375684      13.89024709536       24.4558708522
       181         E      13.89863383728      14.09094819136      27.98958202864
       182         D      11.10571165304      16.81772168672      27.92343333976
       183         S      15.45195372804      14.94790832736       30.3998620554
       184         L       9.83595634316      20.24419651136      30.08015285452
       185         K     18.204891613552      15.21632483328     33.421216446832
       186         K        6.9276094684      21.42786519488      28.35547466328
       187         X      11.02172200416      17.27969595424       28.3014179584
       188         Q      15.95263004648      13.82972052672       29.7823505732
       189         L      10.31292142172     20.767744254912     31.080665676632
       190         X    18.1063326753236       16.9794386288    35.0857713041236
       191         E       9.21794517184      23.83396387136       33.0519090432
       192         L       13.6180353034     20.462513591744     34.080548895144
       193         A      25.27325272108      17.81900817504      43.09226089612
       194         I      18.32074102702      24.72425863968       43.0449996667
       195         L      15.89417668108     20.506749360528     36.400926041608
       196         N      23.11084030716      17.52370215936      40.63454246652
       197         G     18.590128408896      19.43787981696     38.028008225856
       198         T      13.40023400088      18.69198629312        32.092220294
       199         Y        13.213034344      19.09178900256      32.30482334656
       200         R      14.93848094176     20.717148848352     35.655629790112
       201         D      15.57683259388      17.93260060224      33.50943319612
       202         A      10.25827152584      19.65331840032      29.91158992616
       203         N      16.90341633424      18.17293525952      35.07635159376
       204         I        6.3701340288      16.27507031616      22.64520434496
       205         K      13.50379703168         11.32274768      24.82654471168
       206         S       9.14090080176      15.33080160352      24.47170240528
       207         P        10.695853025      16.76841179456      27.46426481956
       208         A      10.95843868756       10.4170567104      21.37549539796
       209         L      10.88445728188       10.0844006848      20.96885796668

